Data loading time (s): 213.22988986968994
Q01: [20.944670]
Q02: [1.255590]
Q03: [6.701780]
Q04: [44.392630]
Q05: [64.082140]
Q06: [1.561870]
Q07: [17.911170]
Q08: [10.964680]
Q09: [365.346880]
Q10: [110.096830]
Q11: [0.414500]
Q12: [18.908720]
Q13: [10.033430]
Q14: [1.420130]
Q15: [9.935410]
Q16: [1.796840]
Q17: [10.286440]
Q18: [8.170500]
Q19: [18.626100]
Q20: [16.744680]
Q21: [139.324150]
Q22: [0.698740]
