Q1: [2.391, 2.281, 2.278, 2.275, 2.273], 2.27288
Q2: [0.414, 0.303, 0.295, 0.296, 0.296], 0.2951
Q3: [0.578, 0.378, 0.368, 0.367, 0.367], 0.36663
Q4: [0.171, 0.153, 0.154, 0.169, 0.167], 0.15271
Q5: [0.417, 0.374, 0.365, 0.351, 0.355], 0.35101
Q6: [0.47, 0.427, 0.427, 0.427, 0.426], 0.42574
Q7: [0.497, 0.455, 0.454, 0.446, 0.449], 0.44578
Q8: [0.283, 0.196, 0.189, 0.187, 0.186], 0.18551
Q9: [1.545, 1.349, 1.377, 1.363, 1.342], 1.34238
Q10: [0.396, 0.392, 0.376, 0.374, 0.38], 0.37373
Q11: [0.137, 0.099, 0.098, 0.098, 0.097], 0.09732
Q12: [0.688, 0.65, 0.646, 0.645, 0.645], 0.64472
Q13: [0.859, 0.859, 0.849, 0.845, 0.842], 0.84204
Q14: [0.146, 0.134, 0.13, 0.128, 0.127], 0.1273
Q15: [0.62, 0.584, 0.577, 0.578, 0.577], 0.57712
Q16: [0.287, 0.284, 0.284, 0.286, 0.285], 0.28376
Q17: [1.233, 1.111, 1.097, 1.095, 1.109], 1.09457
Q18: [2.309, 2.319, 2.327, 2.307, 2.317], 2.30706
Q19: [0.052, 0.046, 0.044, 0.043, 0.042], 0.04173
Q20: [0.282, 0.15, 0.149, 0.15, 0.15], 0.14906
Q21: [0.719, 0.678, 0.675, 0.673, 0.674], 0.67286
Q22: [0.074, 0.074, 0.07, 0.071, 0.071], 0.07013
