Q1: [6.79, 5.826, 5.83, 5.868, 5.825], 5.82454
Q2: [7.219, 0.821, 0.806, 0.824, 0.784], 0.78353
Q3: [5.701, 5.099, 4.938, 4.535, 4.455], 4.45455
Q4: [3.968, 3.313, 2.443, 0.354, 0.352], 0.35208
Q5: [4.208, 2.506, 0.996, 0.993, 0.971], 0.97143
Q6: [4.65, 4.668, 4.667, 4.607, 4.572], 4.57171
Q7: [6.847, 6.157, 6.808, 6.351, 6.993], 6.15696
Q8: [3.959, 0.546, 0.489, 0.485, 0.485], 0.48497
Q9: [22.719, 22.904, 24.903, 24.415, 24.43], 22.71949
Q10: [6.745, 6.767, 6.512, 6.486, 6.44], 6.43972
Q11: [5.368, 0.262, 0.276, 0.263, 0.256], 0.25557
Q12: [6.337, 6.263, 6.168, 6.136, 6.128], 6.12799
Q13: [2.548, 2.504, 2.476, 2.64, 2.436], 2.43599
Q14: [4.37, 0.516, 0.496, 0.494, 0.493], 0.49306
Q15: [11.731, 11.431, 10.879, 10.821, 10.722], 10.72188
Q16: [0.822, 0.747, 0.751, 0.75, 0.748], 0.74687
Q17: [11.407, 9.935, 9.964, 10.496, 10.475], 9.93487
Q18: [9.009, 9.24, 9.44, 9.056, 9.244], 9.00944
Q19: [0.863, 0.106, 0.099, 0.1, 0.098], 0.09792
Q20: [10.984, 0.435, 0.379, 0.394, 0.393], 0.37943
Q21: [6.713, 5.68, 5.613, 5.512, 5.481], 5.48066
Q22: [0.477, 0.183, 0.181, 0.181, 0.179], 0.17931
